image: rlev1obstacles.png
resolution: 0.050000
origin: [-51.225001, -51.225001, 0.000000]
negate: 0
occupied_thresh: 0.65
free_thresh: 0.196

