image: sim_tunnels_v2.png
resolution: 0.050000
origin: [-48.500000, -4.70000, 0.000000]
negate: 0
occupied_thresh: 0.65
free_thresh: 0.196
